version 100000
2
562
init_push
0
3
7
6
1
1
1
1
1
1

6
1
1
1
1
1
1

6
1
1
1
1
1
1

6
1
1
1
1
1
1

6
1
1
1
1
1
1

6
1
1
1
1
1
1

6
1
1
1
1
1
1


7
6
0
0
0
0
0
0

6
0
0
2
0
0
0

6
0
0
0
0
0
0

6
0
2
0
0
0
0

6
0
0
0
0
0
0

6
0
0
0
0
0
0

6
0
0
0
0
0
0


7
6
3
3
3
3
0
0

6
3
0
0
3
0
0

6
3
0
0
3
3
3

6
3
5
4
0
0
3

6
3
0
0
5
0
3

6
3
0
0
3
3
3

6
3
3
3
3
0
0



3
7
6
1
1
1
1
1
1

6
1
1
1
1
1
1

6
1
1
1
1
1
1

6
1
1
1
1
1
1

6
1
1
1
1
1
1

6
1
1
1
1
1
1

6
1
1
1
1
1
1


7
6
0
0
0
0
0
0

6
0
0
2
0
0
0

6
0
0
0
0
0
0

6
0
2
0
0
0
0

6
0
0
0
0
0
0

6
0
0
0
0
0
0

6
0
0
0
0
0
0


7
6
3
3
3
3
0
0

6
3
0
0
3
0
0

6
3
0
0
3
3
3

6
3
5
4
0
0
3

6
3
0
0
5
0
3

6
3
0
0
3
3
3

6
3
3
3
3
0
0



0

0
7
6
6
3
7
6
1
1
1
1
1
1

6
1
1
1
1
1
1

6
1
1
1
1
1
1

6
1
1
1
1
1
1

6
1
1
1
1
1
1

6
1
1
1
1
1
1

6
1
1
1
1
1
1


7
6
0
0
0
0
0
0

6
0
0
2
0
0
0

6
0
0
0
0
0
0

6
0
2
0
0
0
0

6
0
0
0
0
0
0

6
0
0
0
0
0
0

6
0
0
0
0
0
0


7
6
3
3
3
3
0
0

6
3
0
0
3
0
0

6
3
0
0
3
3
3

6
3
5
4
0
0
3

6
3
0
0
5
0
3

6
3
0
0
3
3
3

6
3
3
3
3
0
0



3
7
6
1
1
1
1
1
1

6
1
1
1
1
1
1

6
1
1
1
1
1
1

6
1
1
1
1
1
1

6
1
1
1
1
1
1

6
1
1
1
1
1
1

6
1
1
1
1
1
1


7
6
0
0
0
0
0
0

6
0
0
0
0
0
0

6
0
0
0
0
0
0

6
0
0
0
2
0
0

6
0
0
2
2
0
0

6
0
0
0
0
0
0

6
0
0
0
0
0
0


7
6
3
3
3
3
3
3

6
3
0
0
0
0
3

6
3
0
3
4
0
3

6
3
0
5
5
0
3

6
3
0
0
5
0
3

6
3
0
0
0
0
3

6
3
3
3
3
3
3



3
7
6
1
1
1
1
1
1

6
1
1
1
1
1
1

6
1
1
1
1
1
1

6
1
1
1
1
1
1

6
1
1
1
1
1
1

6
1
1
1
1
1
1

6
1
1
1
1
1
1


7
6
0
0
0
0
0
0

6
0
0
0
0
0
0

6
0
0
0
0
0
0

6
0
0
0
2
0
0

6
0
0
2
2
0
0

6
0
0
0
0
0
0

6
0
0
0
0
0
0


7
6
3
3
3
3
3
3

6
3
0
0
0
0
3

6
3
0
3
4
0
3

6
3
0
5
5
0
3

6
3
0
0
5
0
3

6
3
0
0
0
0
3

6
3
3
3
3
3
3



3
7
6
1
1
1
1
1
1

6
1
1
1
1
1
1

6
1
1
1
1
1
1

6
1
1
1
1
1
1

6
1
1
1
1
1
1

6
1
1
1
1
1
1

6
1
1
1
1
1
1


7
6
0
0
0
0
0
0

6
0
0
0
0
0
0

6
0
0
0
0
0
0

6
0
0
0
2
0
0

6
0
0
2
2
0
0

6
0
0
0
0
0
0

6
0
0
0
0
0
0


7
6
3
3
3
3
3
3

6
3
0
0
0
0
3

6
3
0
3
4
0
3

6
3
0
5
5
0
3

6
3
0
0
5
0
3

6
3
0
0
0
0
3

6
3
3
3
3
3
3



3
7
6
1
1
1
1
1
1

6
1
1
1
1
1
1

6
1
1
1
1
1
1

6
1
1
1
1
1
1

6
1
1
1
1
1
1

6
1
1
1
1
1
1

6
1
1
1
1
1
1


7
6
0
0
0
0
0
0

6
0
0
0
0
0
0

6
0
0
0
0
0
0

6
0
0
0
2
0
0

6
0
0
2
2
0
0

6
0
0
0
0
0
0

6
0
0
0
0
0
0


7
6
3
3
3
3
3
3

6
3
0
0
0
0
3

6
3
0
3
4
0
3

6
3
0
5
5
0
3

6
3
0
0
5
0
3

6
3
0
0
0
0
3

6
3
3
3
3
3
3



3
7
6
1
1
1
1
1
1

6
1
1
1
1
1
1

6
1
1
1
1
1
1

6
1
1
1
1
1
1

6
1
1
1
1
1
1

6
1
1
1
1
1
1

6
1
1
1
1
1
1


7
6
0
0
0
0
0
0

6
0
0
0
0
0
0

6
0
0
0
0
0
0

6
0
0
0
2
0
0

6
0
0
2
2
0
0

6
0
0
0
0
0
0

6
0
0
0
0
0
0


7
6
3
3
3
3
3
3

6
3
0
0
0
0
3

6
3
0
3
4
0
3

6
3
0
5
5
0
3

6
3
0
0
5
0
3

6
3
0
0
0
0
3

6
3
3
3
3
3
3




6
no_object
background
target
wall
player
crate

6
5
0
1
2
3
4

6
-1
0
1
2
2
2

3
4
2
1
2
0
0


1
2
0
0


1
2
1
2

1
64



1
2
1
2

1
2



1
2
1
2

1
2



1
2
1
2

1
2



0
0
1
0
80
0

4
1
2
0
0


1
2
0
0


1
2
1
64

1
4



1
2
1
4

1
4



1
2
1
2

1
2



1
2
1
2

1
2



0
0
1
0
80
0

4
1
2
0
0


1
2
0
0


1
2
1
8

1
64



1
2
1
8

1
8



1
2
1
2

1
2



1
2
1
2

1
2



0
0
1
0
80
0

2
1
2
0
0


1
2
0
0


1
2
1
64

1
1



1
2
1
1

1
1



1
2
1
2

1
2



1
2
1
2

1
2



0
0
1
0
80
0


10
#
3
*
5
.
1
background
1
crate
5
o
2
p
4
player
4
target
2
wall
3

1
@
2
2
5


1
obstacle
4
2
3
4
5


12
#
*
.
@
background
crate
o
obstacle
p
player
target
wall

1
4
2


5
.
1

#
3

p
4

*
5

o
2


1
@
2
2
5



0

0

0

0

0

0

1
1
2
1



1
1
5
2



0

145
title Simple Block Pushing Game
author David Skinner

========
OBJECTS
========

Background
LIGHTGREEN GREEN
11111
01111
11101
11111
10111


Target
DarkBlue
.....
.000.
.0.0.
.000.
.....

Wall
BROWN DARKBROWN
00010
11111
01000
11111
00010

Player
Black Orange White Blue
.000.
.111.
22222
.333.
.3.3.

Crate
Orange Yellow
00000
0...0
0...0
0...0
00000


=======
LEGEND
=======

. = Background
# = Wall
P = Player
* = Crate
@ = Crate and Target
O = Target
Obstacle = Wall or Player or Crate or Target


=======
SOUNDS
=======

Crate MOVE 36772507

================
COLLISIONLAYERS
================

Background
Target
Player, Wall, Crate

======
RULES
======

[ >  Player | Crate ] -> [  >  Player | > Crate  ]

==============
WINCONDITIONS
==============

All Target on Crate

=======
LEVELS
=======


####..
#.O#..
#..###
#@P..#
#..*.#
#..###
####..


######
#....#
#.#P.#
#.*@.#
#.O@.#
#....#
######


######
#....#
#.#P.#
#.*@.#
#.O@.#
#....#
######


######
#....#
#.#P.#
#.*@.#
#.O@.#
#....#
######


######
#....#
#.#P.#
#.*@.#
#.O@.#
#....#
######


######
#....#
#.#P.#
#.*@.#
#.O@.#
#....#
######
145
title Simple Block Pushing Game
author David Skinner

========
OBJECTS
========

Background
LIGHTGREEN GREEN
11111
01111
11101
11111
10111


Target
DarkBlue
.....
.000.
.0.0.
.000.
.....

Wall
BROWN DARKBROWN
00010
11111
01000
11111
00010

Player
Black Orange White Blue
.000.
.111.
22222
.333.
.3.3.

Crate
Orange Yellow
00000
0...0
0...0
0...0
00000


=======
LEGEND
=======

. = Background
# = Wall
P = Player
* = Crate
@ = Crate and Target
O = Target
Obstacle = Wall or Player or Crate or Target


=======
SOUNDS
=======

Crate MOVE 36772507

================
COLLISIONLAYERS
================

Background
Target
Player, Wall, Crate

======
RULES
======

[ >  Player | Crate ] -> [  >  Player | > Crate  ]

==============
WINCONDITIONS
==============

All Target on Crate

=======
LEVELS
=======


####..
#.O#..
#..###
#@P..#
#..*.#
#..###
####..


######
#....#
#.#P.#
#.*@.#
#.O@.#
#....#
######


######
#....#
#.#P.#
#.*@.#
#.O@.#
#....#
######


######
#....#
#.#P.#
#.*@.#
#.O@.#
#....#
######


######
#....#
#.#P.#
#.*@.#
#.O@.#
#....#
######


######
#....#
#.#P.#
#.*@.#
#.O@.#
#....#
######
4
==========
GENERATION
==========
[] -> []
6
7
6
1
1
1
1
1
1

6
1
1
1
1
1
1

6
1
1
1
1
1
1

6
1
1
1
1
1
1

6
1
1
1
1
1
1

6
1
1
1
1
1
1

6
1
1
1
1
1
1


7
6
1
1
1
1
1
1

6
1
1
1
1
1
1

6
1
1
1
1
1
1

6
1
1
1
1
1
1

6
1
1
1
1
1
1

6
1
1
1
1
1
1

6
1
1
1
1
1
1


7
6
1
1
1
1
1
1

6
1
1
1
1
1
1

6
1
1
1
1
1
1

6
1
1
1
1
1
1

6
1
1
1
1
1
1

6
1
1
1
1
1
1

6
1
1
1
1
1
1


7
6
1
1
1
1
1
1

6
1
1
1
1
1
1

6
1
1
1
1
1
1

6
1
1
1
1
1
1

6
1
1
1
1
1
1

6
1
1
1
1
1
1

6
1
1
1
1
1
1


7
6
1
1
1
1
1
1

6
1
1
1
1
1
1

6
1
1
1
1
1
1

6
1
1
1
1
1
1

6
1
1
1
1
1
1

6
1
1
1
1
1
1

6
1
1
1
1
1
1


7
6
1
1
1
1
1
1

6
1
1
1
1
1
1

6
1
1
1
1
1
1

6
1
1
1
1
1
1

6
1
1
1
1
1
1

6
1
1
1
1
1
1

6
1
1
1
1
1
1


4235
switching_from_right_to_left
0
4
7
6
1
1
1
1
1
1

6
1
1
1
1
1
1

6
1
1
1
1
1
1

6
1
1
1
1
1
1

6
1
1
1
1
1
1

6
1
1
1
1
1
1

6
1
1
1
1
1
1


7
6
0
0
0
0
0
0

6
0
0
2
0
0
0

6
0
0
0
0
0
0

6
0
2
0
0
0
0

6
0
0
0
0
0
0

6
0
0
0
0
0
0

6
0
0
0
0
0
0


7
6
3
3
3
3
0
0

6
3
0
0
3
0
0

6
3
0
0
3
3
3

6
3
5
4
0
0
3

6
3
0
0
5
0
3

6
3
0
0
3
3
3

6
3
3
3
3
0
0


7
6
0
0
0
0
0
0

6
0
0
0
0
0
0

6
0
0
0
0
0
0

6
0
0
0
0
0
0

6
0
0
0
0
0
0

6
0
0
0
0
0
0

6
0
0
0
0
0
0



4
7
6
1
1
1
1
1
1

6
1
1
1
1
1
1

6
1
1
1
1
1
1

6
1
1
1
1
1
1

6
1
1
1
1
1
1

6
1
1
1
1
1
1

6
1
1
1
1
1
1


7
6
0
0
0
0
0
0

6
0
0
2
0
0
0

6
0
0
0
0
0
0

6
0
2
0
0
0
0

6
0
0
0
0
0
0

6
0
0
0
0
0
0

6
0
0
0
0
0
0


7
6
3
3
3
3
0
0

6
3
0
0
3
0
0

6
3
0
0
3
3
3

6
3
5
4
0
0
3

6
3
0
0
5
0
3

6
3
0
0
3
3
3

6
3
3
3
3
0
0


7
6
0
0
0
0
0
0

6
0
0
0
0
0
0

6
0
0
0
0
0
0

6
0
0
0
0
0
0

6
0
0
0
0
0
0

6
0
0
0
0
0
0

6
0
0
0
0
0
0



0

0
7
6
10
4
7
6
1
1
1
1
1
1

6
1
1
1
1
1
1

6
1
1
1
1
1
1

6
1
1
1
1
1
1

6
1
1
1
1
1
1

6
1
1
1
1
1
1

6
1
1
1
1
1
1


7
6
0
0
0
0
0
0

6
0
0
2
0
0
0

6
0
0
0
0
0
0

6
0
2
0
0
0
0

6
0
0
0
0
0
0

6
0
0
0
0
0
0

6
0
0
0
0
0
0


7
6
3
3
3
3
0
0

6
3
0
0
3
0
0

6
3
0
0
3
3
3

6
3
5
4
0
0
3

6
3
0
0
5
0
3

6
3
0
0
3
3
3

6
3
3
3
3
0
0


7
6
0
0
0
0
0
0

6
0
0
0
0
0
0

6
0
0
0
0
0
0

6
0
0
0
0
0
0

6
0
0
0
0
0
0

6
0
0
0
0
0
0

6
0
0
0
0
0
0



4
7
6
1
1
1
1
1
1

6
1
1
1
1
1
1

6
1
1
1
1
1
1

6
1
1
1
1
1
1

6
1
1
1
1
1
1

6
1
1
1
1
1
1

6
1
1
1
1
1
1


7
6
0
0
0
0
0
0

6
0
0
0
0
0
0

6
0
0
0
0
0
0

6
0
0
0
2
0
0

6
0
0
2
2
0
0

6
0
0
0
0
0
0

6
0
0
0
0
0
0


7
6
3
3
3
3
3
3

6
3
0
0
0
0
3

6
3
0
3
4
0
3

6
3
0
5
5
0
3

6
3
0
0
5
0
3

6
3
0
0
0
0
3

6
3
3
3
3
3
3


7
6
0
0
0
0
0
0

6
0
0
0
0
0
0

6
0
0
0
0
0
0

6
0
0
0
0
0
0

6
0
0
0
0
0
0

6
0
0
0
0
0
0

6
0
0
0
0
0
0



4
6
9
1
1
1
1
1
1
1
1
1

9
1
1
1
1
1
1
1
1
1

9
1
1
1
1
1
1
1
1
1

9
1
1
1
1
1
1
1
1
1

9
1
1
1
1
1
1
1
1
1

9
1
1
1
1
1
1
1
1
1


6
9
0
0
0
0
0
0
0
0
0

9
0
0
0
0
0
0
0
0
0

9
0
0
0
0
0
0
0
0
0

9
0
0
0
0
0
0
0
0
0

9
0
0
2
0
2
0
0
0
0

9
0
0
0
0
0
0
0
0
0


6
9
0
0
3
3
3
3
0
0
0

9
3
3
3
0
0
3
3
3
3

9
3
0
0
0
0
0
5
0
3

9
3
0
3
0
0
3
5
0
3

9
3
0
0
0
0
3
4
0
3

9
3
3
3
3
3
3
3
3
3


6
9
0
0
0
0
0
0
0
0
0

9
0
0
0
0
0
0
0
0
0

9
0
0
0
0
0
0
0
0
0

9
0
0
0
0
0
0
0
0
0

9
0
0
0
0
0
0
0
0
0

9
0
0
0
0
0
0
0
0
0



4
6
8
1
1
1
1
1
1
1
1

8
1
1
1
1
1
1
1
1

8
1
1
1
1
1
1
1
1

8
1
1
1
1
1
1
1
1

8
1
1
1
1
1
1
1
1

8
1
1
1
1
1
1
1
1


6
8
0
0
0
0
0
0
0
0

8
0
0
0
0
0
0
0
0

8
0
0
2
2
2
0
0
0

8
0
0
0
0
0
0
0
0

8
0
0
0
0
0
0
0
0

8
0
0
0
0
0
0
0
0


6
8
3
3
3
3
3
3
3
3

8
3
0
0
0
0
0
0
3

8
3
0
0
5
5
5
4
3

8
3
0
0
0
0
0
0
3

8
3
3
3
3
3
0
0
3

8
0
0
0
0
3
3
3
3


6
8
0
0
0
0
0
0
0
0

8
0
0
0
0
0
0
0
0

8
0
0
0
0
0
0
0
0

8
0
0
0
0
0
0
0
0

8
0
0
0
0
0
0
0
0

8
0
0
0
0
0
0
0
0



4
7
8
1
1
1
1
1
1
1
1

8
1
1
1
1
1
1
1
1

8
1
1
1
1
1
1
1
1

8
1
1
1
1
1
1
1
1

8
1
1
1
1
1
1
1
1

8
1
1
1
1
1
1
1
1

8
1
1
1
1
1
1
1
1


7
8
0
0
0
0
0
0
0
0

8
0
0
0
0
0
0
0
0

8
0
0
0
2
0
2
0
0

8
0
0
0
0
0
0
0
0

8
0
0
0
2
0
2
0
0

8
0
0
0
0
0
0
0
0

8
0
0
0
0
0
0
0
0


7
8
0
3
3
3
3
3
3
3

8
0
3
0
0
0
0
0
3

8
0
3
0
0
5
0
0
3

8
3
3
0
5
4
5
0
3

8
3
0
0
0
5
0
0
3

8
3
0
0
0
0
0
0
3

8
3
3
3
3
3
3
3
3


7
8
0
0
0
0
0
0
0
0

8
0
0
0
0
0
0
0
0

8
0
0
0
0
0
0
0
0

8
0
0
0
0
0
0
0
0

8
0
0
0
0
0
0
0
0

8
0
0
0
0
0
0
0
0

8
0
0
0
0
0
0
0
0



4
6
12
1
1
1
1
1
1
1
1
1
1
1
1

12
1
1
1
1
1
1
1
1
1
1
1
1

12
1
1
1
1
1
1
1
1
1
1
1
1

12
1
1
1
1
1
1
1
1
1
1
1
1

12
1
1
1
1
1
1
1
1
1
1
1
1

12
1
1
1
1
1
1
1
1
1
1
1
1


6
12
0
0
0
0
0
0
0
0
0
0
0
0

12
0
0
0
0
0
0
0
0
0
0
0
0

12
0
0
0
0
0
0
0
0
0
0
0
0

12
0
0
0
0
0
2
2
2
0
0
0
0

12
0
0
0
0
0
0
0
0
0
0
0
0

12
0
0
0
0
0
0
0
0
0
0
0
0


6
12
3
3
3
3
3
3
0
3
3
3
3
3

12
3
0
0
0
0
3
3
3
0
0
0
3

12
3
0
5
5
0
0
0
0
0
3
4
3

12
3
0
5
0
3
0
0
0
0
0
0
3

12
3
0
0
0
3
3
3
3
3
3
3
3

12
3
3
3
3
3
0
0
0
0
0
0
0


6
12
0
0
0
0
0
0
0
0
0
0
0
0

12
0
0
0
0
0
0
0
0
0
0
0
0

12
0
0
0
0
0
0
0
0
0
0
0
0

12
0
0
0
0
0
0
0
0
0
0
0
0

12
0
0
0
0
0
0
0
0
0
0
0
0

12
0
0
0
0
0
0
0
0
0
0
0
0



4
8
7
1
1
1
1
1
1
1

7
1
1
1
1
1
1
1

7
1
1
1
1
1
1
1

7
1
1
1
1
1
1
1

7
1
1
1
1
1
1
1

7
1
1
1
1
1
1
1

7
1
1
1
1
1
1
1

7
1
1
1
1
1
1
1


8
7
0
0
0
0
0
0
0

7
0
0
0
0
0
0
0

7
0
0
2
0
2
0
0

7
0
0
0
2
0
0
0

7
0
0
2
0
2
0
0

7
0
0
0
2
0
0
0

7
0
0
0
0
0
0
0

7
0
0
0
0
0
0
0


8
7
3
3
3
3
3
3
3

7
3
0
0
0
0
0
3

7
3
0
0
5
0
0
3

7
3
0
5
0
5
0
3

7
3
0
0
5
0
0
3

7
3
0
5
0
5
0
3

7
3
0
0
4
0
0
3

7
3
3
3
3
3
3
3


8
7
0
0
0
0
0
0
0

7
0
0
0
0
0
0
0

7
0
0
0
0
0
0
0

7
0
0
0
0
0
0
0

7
0
0
0
0
0
0
0

7
0
0
0
0
0
0
0

7
0
0
0
0
0
0
0

7
0
0
0
0
0
0
0



4
12
8
1
1
1
1
1
1
1
1

8
1
1
1
1
1
1
1
1

8
1
1
1
1
1
1
1
1

8
1
1
1
1
1
1
1
1

8
1
1
1
1
1
1
1
1

8
1
1
1
1
1
1
1
1

8
1
1
1
1
1
1
1
1

8
1
1
1
1
1
1
1
1

8
1
1
1
1
1
1
1
1

8
1
1
1
1
1
1
1
1

8
1
1
1
1
1
1
1
1

8
1
1
1
1
1
1
1
1


12
8
0
0
0
0
0
0
0
0

8
0
0
0
0
2
2
0
0

8
0
0
0
0
0
0
0
0

8
0
0
0
0
0
0
0
0

8
0
0
0
0
0
0
0
0

8
0
0
0
0
0
0
0
0

8
0
0
0
0
0
0
0
0

8
0
0
0
0
0
0
0
0

8
0
0
0
0
0
0
0
0

8
0
0
0
0
0
0
0
0

8
0
0
0
0
0
0
0
0

8
0
0
0
0
0
0
0
0


12
8
0
0
3
3
3
3
3
3

8
0
0
3
0
0
0
4
3

8
0
0
3
0
5
5
0
3

8
0
0
3
3
0
3
3
3

8
0
0
0
3
0
3
0
0

8
0
0
0
3
0
3
0
0

8
3
3
3
3
0
3
0
0

8
3
0
0
0
0
3
3
0

8
3
0
3
0
0
0
3
0

8
3
0
0
0
3
0
3
0

8
3
3
3
0
0
0
3
0

8
0
0
3
3
3
3
3
0


12
8
0
0
0
0
0
0
0
0

8
0
0
0
0
0
0
0
0

8
0
0
0
0
0
0
0
0

8
0
0
0
0
0
0
0
0

8
0
0
0
0
0
0
0
0

8
0
0
0
0
0
0
0
0

8
0
0
0
0
0
0
0
0

8
0
0
0
0
0
0
0
0

8
0
0
0
0
0
0
0
0

8
0
0
0
0
0
0
0
0

8
0
0
0
0
0
0
0
0

8
0
0
0
0
0
0
0
0



4
7
6
1
1
1
1
1
1

6
1
1
1
1
1
1

6
1
1
1
1
1
1

6
1
1
1
1
1
1

6
1
1
1
1
1
1

6
1
1
1
1
1
1

6
1
1
1
1
1
1


7
6
0
0
0
0
0
0

6
0
2
0
0
0
0

6
0
0
0
0
0
0

6
0
0
0
0
0
0

6
0
0
0
0
0
0

6
0
0
0
0
2
0

6
0
0
0
0
0
0


7
6
3
3
3
3
3
0

6
3
0
0
0
3
3

6
3
4
5
5
0
3

6
3
3
0
0
0
3

6
0
3
3
0
0
3

6
0
0
3
3
0
3

6
0
0
0
3
3
3


7
6
0
0
0
0
0
0

6
0
0
0
0
0
0

6
0
0
0
0
0
0

6
0
0
0
0
0
0

6
0
0
0
0
0
0

6
0
0
0
0
0
0

6
0
0
0
0
0
0



4
8
11
1
1
1
1
1
1
1
1
1
1
1

11
1
1
1
1
1
1
1
1
1
1
1

11
1
1
1
1
1
1
1
1
1
1
1

11
1
1
1
1
1
1
1
1
1
1
1

11
1
1
1
1
1
1
1
1
1
1
1

11
1
1
1
1
1
1
1
1
1
1
1

11
1
1
1
1
1
1
1
1
1
1
1

11
1
1
1
1
1
1
1
1
1
1
1


8
11
0
0
0
0
0
0
0
0
0
0
0

11
0
0
0
0
0
0
0
2
0
0
0

11
0
0
0
0
0
0
0
2
0
0
0

11
0
0
0
0
0
0
0
2
0
0
0

11
0
0
0
0
0
0
0
0
0
0
0

11
0
0
0
0
0
0
0
0
0
0
0

11
0
0
0
0
0
0
0
0
0
0
0

11
0
0
0
0
0
0
0
0
0
0
0


8
11
0
0
0
0
0
0
3
3
3
3
3

11
0
0
0
0
0
0
3
0
0
0
3

11
0
0
0
0
0
0
3
0
3
0
3

11
3
3
3
3
3
3
3
0
3
0
3

11
3
0
4
0
5
0
5
0
5
0
3

11
3
0
3
0
3
0
3
0
3
3
3

11
3
0
0
0
0
0
0
0
3
0
0

11
3
3
3
3
3
3
3
3
3
0
0


8
11
0
0
0
0
0
0
0
0
0
0
0

11
0
0
0
0
0
0
0
0
0
0
0

11
0
0
0
0
0
0
0
0
0
0
0

11
0
0
0
0
0
0
0
0
0
0
0

11
0
0
0
0
0
0
0
0
0
0
0

11
0
0
0
0
0
0
0
0
0
0
0

11
0
0
0
0
0
0
0
0
0
0
0

11
0
0
0
0
0
0
0
0
0
0
0




7
no_object
background
target
wall
player
crate
tag

7
6
7
1
2
3
4
8

7
-1
0
1
2
2
2
3

4
24
2
1
2
0
0


0

1
2
1
2

1
64



0

1
2
1
2

1
2



0

1
11
0
1
0
99
0

4
1
2
0
0


0

1
2
1
64

1
4



0

1
2
1
2

1
2



0

1
11
0
1
0
99
0

4
1
2
0
0


0

1
2
1
8

1
64



0

1
2
1
2

1
2



0

1
11
0
1
0
99
0

2
1
2
0
0


0

1
2
1
64

1
1



0

1
2
1
2

1
2



0

1
11
0
1
0
99
0

2
1
2
0
0


1
2
0
0


1
2
1
2

1
64



1
2
1
2

1
2



1
2
1
2

1
2



1
2
1
2

1
2



0
0
1
0
101
4

4
1
2
0
0


1
2
0
0


1
2
1
64

1
4



1
2
1
4

1
4



1
2
1
2

1
2



1
2
1
2

1
2



0
0
1
0
101
4

4
1
2
0
0


1
2
0
0


1
2
1
8

1
64



1
2
1
8

1
8



1
2
1
2

1
2



1
2
1
2

1
2



0
0
1
0
101
4

2
1
2
0
0


1
2
0
0


1
2
1
64

1
1



1
2
1
1

1
1



1
2
1
2

1
2



1
2
1
2

1
2



0
0
1
0
101
4

2
1
2
0
0


0

1
2
1
2

1
64



0

1
2
1
2

1
2



0

1
11
0
1
0
103
8

4
1
2
0
0


0

1
2
1
64

1
4



0

1
2
1
2

1
2



0

1
11
0
1
0
103
8

4
1
2
0
0


0

1
2
1
8

1
64



0

1
2
1
2

1
2



0

1
11
0
1
0
103
8

2
1
2
0
0


0

1
2
1
64

1
1



0

1
2
1
2

1
2



0

1
11
0
1
0
103
8

2
1
2
0
0


0

1
2
1
2

1
64



0

1
2
1
2

1
2



0

1
11
0
1
0
104
12

4
1
2
0
0


0

1
2
1
64

1
4



0

1
2
1
2

1
2



0

1
11
0
1
0
104
12

4
1
2
0
0


0

1
2
1
8

1
64



0

1
2
1
2

1
2



0

1
11
0
1
0
104
12

2
1
2
0
0


0

1
2
1
64

1
1



0

1
2
1
2

1
2



0

1
11
0
1
0
104
12

2
2
2
0
0

1
0


2
2
0
0

1
0


2
2
1
2

1
2


1
1
0



2
2
1
2

1
2


1
1
1



2
2
1
2

1
2


1
1
2



2
2
1
2

1
2


1
1
2



0
0
1
0
106
16

4
2
2
0
0

1
0


2
2
0
0

1
0


2
2
1
4

1
4


1
1
0



2
2
1
4

1
4


1
1
8



2
2
1
2

1
2


1
1
2



2
2
1
2

1
2


1
1
2



0
0
1
0
106
16

4
2
2
0
0

1
0


2
2
0
0

1
0


2
2
1
8

1
8


1
1
0



2
2
1
8

1
8


1
1
4



2
2
1
2

1
2


1
1
2



2
2
1
2

1
2


1
1
2



0
0
1
0
106
16

2
2
2
0
0

1
0


2
2
0
0

1
0


2
2
1
1

1
1


1
1
0



2
2
1
1

1
1


1
1
2



2
2
1
2

1
2


1
1
2



2
2
1
2

1
2


1
1
2



0
0
1
0
106
16

2
1
4
0
0
0
0


1
4
0
0
0
0


1
4
1
2

1
2

0

1
1



1
4
1
2

1
2

0

1
0



1
4
1
2

1
2

0

1
2



1
4
1
2

1
2

0

1
2



0
0
1
0
108
20

4
1
4
0
0
0
0


1
4
0
0
0
0


1
4
1
8

0

1
4

1
4



1
4
1
0

0

1
4

1
4



1
4
1
2

0

1
2

1
2



1
4
1
2

0

1
2

1
2



0
0
1
0
108
20

4
1
4
0
0
0
0


1
4
0
0
0
0


1
4
1
8

1
8

0

1
4



1
4
1
8

1
8

0

1
0



1
4
1
2

1
2

0

1
2



1
4
1
2

1
2

0

1
2



0
0
1
0
108
20

2
1
4
0
0
0
0


1
4
0
0
0
0


1
4
1
2

0

1
1

1
1



1
4
1
0

0

1
1

1
1



1
4
1
2

0

1
2

1
2



1
4
1
2

0

1
2

1
2



0
0
1
0
108
20


11
#
3
*
5
.
1
background
1
crate
5
o
2
p
4
player
4
tag
6
target
2
wall
3

1
@
2
2
5


1
obstacle
2
3
5


13
#
*
.
@
background
crate
o
obstacle
p
player
tag
target
wall

1
4
2


5
.
1

#
3

p
4

*
5

o
2


1
@
2
2
5



1
6
3


0

0

0

0

0

1
1
2
1



1
1
5
2



0

228
title Scalesoban
author increpare - remix of David Skinner's Microban
homepage www.sneezingtiger.com/sokoban/levels/microbanText.html

(

taking the levels from an existing sokoban set and changing the rules

)


========
OBJECTS
========

Background
black black
11111
01111
11101
11111
10111


Target
DarkBlue
.....
.000.
.0.0.
.000.
.....

Wall
BROWN DARKBROWN
00010
11111
01000
11111
00010

Player
Black Orange White Blue
.000.
.111.
22222
.333.
.3.3.

Crate
Orange Yellow
00000
0...0
0...0
0...0
00000

tag
transparent

=======
LEGEND
=======

. = Background
# = Wall
P = Player
* = Crate
@ = Crate and Target
O = Target

obstacle = wall or crate


=======
SOUNDS
=======

Crate MOVE 36772507
endlevel 83744503
startgame 92244503

================
COLLISIONLAYERS
================

Background
Target
Player, Wall, Crate
tag
======
RULES
======

(
[ >  Player | Crate ] -> [  >  Player | > Crate  ]
random [ > player | > crate ] [ stationary crate ] -> [ > crate | > crate ] [ player ]
)


[ > player | wall ] -> cancel 

[ >  Player | Crate ] -> [  >  Player | > Crate  ] 

[ > crate | wall] -> cancel
[ > crate | crate ] -> cancel

[ > player | > crate ] [stationary crate] -> [> player | > crate ] [< crate ]

[ > player | > crate | | < crate ] -> [ > player | > crate | | crate ]

==============
WINCONDITIONS
==============

All Target on Crate
no tag

=======
LEVELS
=======

message level 1 of 10

####..
#.O#..
#..###
#@P..#
#..*.#
#..###
####..

message level 2 of 10

######
#....#
#.#P.#
#.*@.#
#.O@.#
#....#
######

message level 3 of 10

..####...
###..####
#.....*.#
#.#..#*.#
#.O.O#P.#
#########

message level 4 of 10

########
#......#
#.O@@*P#
#......#
#####..#
....####

message level 5 of 10

.#######
.#.....#
.#.O*O.#
##.*P*.#
#..O*O.#
#......#
########

message level 6 of 10

######.#####
#....###...#
#.**.....#P#
#.*.#OOO...#
#...########
#####.......

message level 7 of 10

#######
#.....#
#.O*O.#
#.*O*.#
#.O*O.#
#.*O*.#
#..P..#
#######

message level 8 of 10

..######
..#.OOP#
..#.**.#
..##.###
...#.#..
...#.#..
####.#..
#....##.
#.#...#.
#...#.#.
###...#.
..#####.

message level 9 of 10

#####.
#O..##
#P**.#
##...#
.##..#
..##O#
...###

message level 10 of 10

......#####
......#O..#
......#O#.#
#######O#.#
#.P.*.*.*.#
#.#.#.#.###
#.......#..
#########..

message congratulations!


228
title Scalesoban
author increpare - remix of David Skinner's Microban
homepage www.sneezingtiger.com/sokoban/levels/microbanText.html

(

taking the levels from an existing sokoban set and changing the rules

)


========
OBJECTS
========

Background
black black
11111
01111
11101
11111
10111


Target
DarkBlue
.....
.000.
.0.0.
.000.
.....

Wall
BROWN DARKBROWN
00010
11111
01000
11111
00010

Player
Black Orange White Blue
.000.
.111.
22222
.333.
.3.3.

Crate
Orange Yellow
00000
0...0
0...0
0...0
00000

tag
transparent

=======
LEGEND
=======

. = Background
# = Wall
P = Player
* = Crate
@ = Crate and Target
O = Target

obstacle = wall or crate


=======
SOUNDS
=======

Crate MOVE 36772507
endlevel 83744503
startgame 92244503

================
COLLISIONLAYERS
================

Background
Target
Player, Wall, Crate
tag
======
RULES
======

(
[ >  Player | Crate ] -> [  >  Player | > Crate  ]
random [ > player | > crate ] [ stationary crate ] -> [ > crate | > crate ] [ player ]
)


[ > player | wall ] -> cancel 

[ >  Player | Crate ] -> [  >  Player | > Crate  ] 

[ > crate | wall] -> cancel
[ > crate | crate ] -> cancel

[ > player | > crate ] [stationary crate] -> [> player | > crate ] [< crate ]

[ > player | > crate | | < crate ] -> [ > player | > crate | | crate ]

==============
WINCONDITIONS
==============

All Target on Crate
no tag

=======
LEVELS
=======

message level 1 of 10

####..
#.O#..
#..###
#@P..#
#..*.#
#..###
####..

message level 2 of 10

######
#....#
#.#P.#
#.*@.#
#.O@.#
#....#
######

message level 3 of 10

..####...
###..####
#.....*.#
#.#..#*.#
#.O.O#P.#
#########

message level 4 of 10

########
#......#
#.O@@*P#
#......#
#####..#
....####

message level 5 of 10

.#######
.#.....#
.#.O*O.#
##.*P*.#
#..O*O.#
#......#
########

message level 6 of 10

######.#####
#....###...#
#.**.....#P#
#.*.#OOO...#
#...########
#####.......

message level 7 of 10

#######
#.....#
#.O*O.#
#.*O*.#
#.O*O.#
#.*O*.#
#..P..#
#######

message level 8 of 10

..######
..#.OOP#
..#.**.#
..##.###
...#.#..
...#.#..
####.#..
#....##.
#.#...#.
#...#.#.
###...#.
..#####.

message level 9 of 10

#####.
#O..##
#P**.#
##...#
.##..#
..##O#
...###

message level 10 of 10

......#####
......#O..#
......#O#.#
#######O#.#
#.P.*.*.*.#
#.#.#.#.###
#.......#..
#########..

message congratulations!


4
==========
GENERATION
==========
[] -> []
10
7
6
1
1
1
1
1
1

6
1
1
1
1
1
1

6
1
1
1
1
1
1

6
1
1
1
1
1
1

6
1
1
1
1
1
1

6
1
1
1
1
1
1

6
1
1
1
1
1
1


7
6
1
1
1
1
1
1

6
1
1
1
1
1
1

6
1
1
1
1
1
1

6
1
1
1
1
1
1

6
1
1
1
1
1
1

6
1
1
1
1
1
1

6
1
1
1
1
1
1


6
9
1
1
1
1
1
1
1
1
1

9
1
1
1
1
1
1
1
1
1

9
1
1
1
1
1
1
1
1
1

9
1
1
1
1
1
1
1
1
1

9
1
1
1
1
1
1
1
1
1

9
1
1
1
1
1
1
1
1
1


6
8
1
1
1
1
1
1
1
1

8
1
1
1
1
1
1
1
1

8
1
1
1
1
1
1
1
1

8
1
1
1
1
1
1
1
1

8
1
1
1
1
1
1
1
1

8
1
1
1
1
1
1
1
1


7
8
1
1
1
1
1
1
1
1

8
1
1
1
1
1
1
1
1

8
1
1
1
1
1
1
1
1

8
1
1
1
1
1
1
1
1

8
1
1
1
1
1
1
1
1

8
1
1
1
1
1
1
1
1

8
1
1
1
1
1
1
1
1


6
12
1
1
1
1
1
1
1
1
1
1
1
1

12
1
1
1
1
1
1
1
1
1
1
1
1

12
1
1
1
1
1
1
1
1
1
1
1
1

12
1
1
1
1
1
1
1
1
1
1
1
1

12
1
1
1
1
1
1
1
1
1
1
1
1

12
1
1
1
1
1
1
1
1
1
1
1
1


8
7
1
1
1
1
1
1
1

7
1
1
1
1
1
1
1

7
1
1
1
1
1
1
1

7
1
1
1
1
1
1
1

7
1
1
1
1
1
1
1

7
1
1
1
1
1
1
1

7
1
1
1
1
1
1
1

7
1
1
1
1
1
1
1


12
8
1
1
1
1
1
1
1
1

8
1
1
1
1
1
1
1
1

8
1
1
1
1
1
1
1
1

8
1
1
1
1
1
1
1
1

8
1
1
1
1
1
1
1
1

8
1
1
1
1
1
1
1
1

8
1
1
1
1
1
1
1
1

8
1
1
1
1
1
1
1
1

8
1
1
1
1
1
1
1
1

8
1
1
1
1
1
1
1
1

8
1
1
1
1
1
1
1
1

8
1
1
1
1
1
1
1
1


7
6
1
1
1
1
1
1

6
1
1
1
1
1
1

6
1
1
1
1
1
1

6
1
1
1
1
1
1

6
1
1
1
1
1
1

6
1
1
1
1
1
1

6
1
1
1
1
1
1


8
11
1
1
1
1
1
1
1
1
1
1
1

11
1
1
1
1
1
1
1
1
1
1
1

11
1
1
1
1
1
1
1
1
1
1
1

11
1
1
1
1
1
1
1
1
1
1
1

11
1
1
1
1
1
1
1
1
1
1
1

11
1
1
1
1
1
1
1
1
1
1
1

11
1
1
1
1
1
1
1
1
1
1
1

11
1
1
1
1
1
1
1
1
1
1
1



