version 100000
1
4476
init_push
0
3
7
6
1
1
1
1
1
1

6
1
1
1
1
1
1

6
1
1
1
1
1
1

6
1
1
1
1
1
1

6
1
1
1
1
1
1

6
1
1
1
1
1
1

6
1
1
1
1
1
1


7
6
0
0
0
0
0
0

6
0
0
2
0
0
0

6
0
0
0
0
0
0

6
0
2
0
0
0
0

6
0
0
0
0
0
0

6
0
0
0
0
0
0

6
0
0
0
0
0
0


7
6
3
3
3
3
0
0

6
3
0
0
3
0
0

6
3
0
0
3
3
3

6
3
5
4
0
0
3

6
3
0
0
5
0
3

6
3
0
0
3
3
3

6
3
3
3
3
0
0



3
7
6
1
1
1
1
1
1

6
1
1
1
1
1
1

6
1
1
1
1
1
1

6
1
1
1
1
1
1

6
1
1
1
1
1
1

6
1
1
1
1
1
1

6
1
1
1
1
1
1


7
6
0
0
0
0
0
0

6
0
0
2
0
0
0

6
0
0
0
0
0
0

6
0
2
0
0
0
0

6
0
0
0
0
0
0

6
0
0
0
0
0
0

6
0
0
0
0
0
0


7
6
3
3
3
3
0
0

6
3
0
0
3
0
0

6
3
0
0
3
3
3

6
3
5
4
0
0
3

6
3
0
0
5
0
3

6
3
0
0
3
3
3

6
3
3
3
3
0
0



0

0
7
6
6
3
7
6
1
1
1
1
1
1

6
1
1
1
1
1
1

6
1
1
1
1
1
1

6
1
1
1
1
1
1

6
1
1
1
1
1
1

6
1
1
1
1
1
1

6
1
1
1
1
1
1


7
6
0
0
0
0
0
0

6
0
0
2
0
0
0

6
0
0
0
0
0
0

6
0
2
0
0
0
0

6
0
0
0
0
0
0

6
0
0
0
0
0
0

6
0
0
0
0
0
0


7
6
3
3
3
3
0
0

6
3
0
0
3
0
0

6
3
0
0
3
3
3

6
3
5
4
0
0
3

6
3
0
0
5
0
3

6
3
0
0
3
3
3

6
3
3
3
3
0
0



3
7
6
1
1
1
1
1
1

6
1
1
1
1
1
1

6
1
1
1
1
1
1

6
1
1
1
1
1
1

6
1
1
1
1
1
1

6
1
1
1
1
1
1

6
1
1
1
1
1
1


7
6
0
0
0
0
0
0

6
0
0
0
0
0
0

6
0
0
0
0
0
0

6
0
0
0
2
0
0

6
0
0
2
2
0
0

6
0
0
0
0
0
0

6
0
0
0
0
0
0


7
6
3
3
3
3
3
3

6
3
0
0
0
0
3

6
3
0
3
4
0
3

6
3
0
5
5
0
3

6
3
0
0
5
0
3

6
3
0
0
0
0
3

6
3
3
3
3
3
3



3
7
6
1
1
1
1
1
1

6
1
1
1
1
1
1

6
1
1
1
1
1
1

6
1
1
1
1
1
1

6
1
1
1
1
1
1

6
1
1
1
1
1
1

6
1
1
1
1
1
1


7
6
0
0
0
0
0
0

6
0
0
0
0
0
0

6
0
0
0
0
0
0

6
0
0
0
2
0
0

6
0
0
2
2
0
0

6
0
0
0
0
0
0

6
0
0
0
0
0
0


7
6
3
3
3
3
3
3

6
3
0
0
0
0
3

6
3
0
3
4
0
3

6
3
0
5
5
0
3

6
3
0
0
5
0
3

6
3
0
0
0
0
3

6
3
3
3
3
3
3



3
7
6
1
1
1
1
1
1

6
1
1
1
1
1
1

6
1
1
1
1
1
1

6
1
1
1
1
1
1

6
1
1
1
1
1
1

6
1
1
1
1
1
1

6
1
1
1
1
1
1


7
6
0
0
0
0
0
0

6
0
0
0
0
0
0

6
0
0
0
0
0
0

6
0
0
0
2
0
0

6
0
0
2
2
0
0

6
0
0
0
0
0
0

6
0
0
0
0
0
0


7
6
3
3
3
3
3
3

6
3
0
0
0
0
3

6
3
0
3
4
0
3

6
3
0
5
5
0
3

6
3
0
0
5
0
3

6
3
0
0
0
0
3

6
3
3
3
3
3
3



3
7
6
1
1
1
1
1
1

6
1
1
1
1
1
1

6
1
1
1
1
1
1

6
1
1
1
1
1
1

6
1
1
1
1
1
1

6
1
1
1
1
1
1

6
1
1
1
1
1
1


7
6
0
0
0
0
0
0

6
0
0
0
0
0
0

6
0
0
0
0
0
0

6
0
0
0
2
0
0

6
0
0
2
2
0
0

6
0
0
0
0
0
0

6
0
0
0
0
0
0


7
6
3
3
3
3
3
3

6
3
0
0
0
0
3

6
3
0
3
4
0
3

6
3
0
5
5
0
3

6
3
0
0
5
0
3

6
3
0
0
0
0
3

6
3
3
3
3
3
3



3
7
6
1
1
1
1
1
1

6
1
1
1
1
1
1

6
1
1
1
1
1
1

6
1
1
1
1
1
1

6
1
1
1
1
1
1

6
1
1
1
1
1
1

6
1
1
1
1
1
1


7
6
0
0
0
0
0
0

6
0
0
0
0
0
0

6
0
0
0
0
0
0

6
0
0
0
2
0
0

6
0
0
2
2
0
0

6
0
0
0
0
0
0

6
0
0
0
0
0
0


7
6
3
3
3
3
3
3

6
3
0
0
0
0
3

6
3
0
3
4
0
3

6
3
0
5
5
0
3

6
3
0
0
5
0
3

6
3
0
0
0
0
3

6
3
3
3
3
3
3




6
no_object
background
target
wall
player
crate

6
5
0
1
2
3
4

6
-1
0
1
2
2
2

3
4
2
1
2
0
0


1
2
0
0


1
2
1
2

1
64



1
2
1
2

1
2



1
2
1
2

1
2



1
2
1
2

1
2



0
0
1
0
80
0

4
1
2
0
0


1
2
0
0


1
2
1
64

1
4



1
2
1
4

1
4



1
2
1
2

1
2



1
2
1
2

1
2



0
0
1
0
80
0

4
1
2
0
0


1
2
0
0


1
2
1
8

1
64



1
2
1
8

1
8



1
2
1
2

1
2



1
2
1
2

1
2



0
0
1
0
80
0

2
1
2
0
0


1
2
0
0


1
2
1
64

1
1



1
2
1
1

1
1



1
2
1
2

1
2



1
2
1
2

1
2



0
0
1
0
80
0


10
#
3
*
5
.
1
background
1
crate
5
o
2
p
4
player
4
target
2
wall
3

1
@
2
2
5


1
obstacle
4
2
3
4
5


12
#
*
.
@
background
crate
o
obstacle
p
player
target
wall

1
4
2


5
.
1

#
3

p
4

*
5

o
2


1
@
2
2
5



0

0

0

0

0

0

1
1
2
1



1
1
5
2



0

145
title Simple Block Pushing Game
author David Skinner

========
OBJECTS
========

Background
LIGHTGREEN GREEN
11111
01111
11101
11111
10111


Target
DarkBlue
.....
.000.
.0.0.
.000.
.....

Wall
BROWN DARKBROWN
00010
11111
01000
11111
00010

Player
Black Orange White Blue
.000.
.111.
22222
.333.
.3.3.

Crate
Orange Yellow
00000
0...0
0...0
0...0
00000


=======
LEGEND
=======

. = Background
# = Wall
P = Player
* = Crate
@ = Crate and Target
O = Target
Obstacle = Wall or Player or Crate or Target


=======
SOUNDS
=======

Crate MOVE 36772507

================
COLLISIONLAYERS
================

Background
Target
Player, Wall, Crate

======
RULES
======

[ >  Player | Crate ] -> [  >  Player | > Crate  ]

==============
WINCONDITIONS
==============

All Target on Crate

=======
LEVELS
=======


####..
#.O#..
#..###
#@P..#
#..*.#
#..###
####..


######
#....#
#.#P.#
#.*@.#
#.O@.#
#....#
######


######
#....#
#.#P.#
#.*@.#
#.O@.#
#....#
######


######
#....#
#.#P.#
#.*@.#
#.O@.#
#....#
######


######
#....#
#.#P.#
#.*@.#
#.O@.#
#....#
######


######
#....#
#.#P.#
#.*@.#
#.O@.#
#....#
######
145
title Simple Block Pushing Game
author David Skinner

========
OBJECTS
========

Background
LIGHTGREEN GREEN
11111
01111
11101
11111
10111


Target
DarkBlue
.....
.000.
.0.0.
.000.
.....

Wall
BROWN DARKBROWN
00010
11111
01000
11111
00010

Player
Black Orange White Blue
.000.
.111.
22222
.333.
.3.3.

Crate
Orange Yellow
00000
0...0
0...0
0...0
00000


=======
LEGEND
=======

. = Background
# = Wall
P = Player
* = Crate
@ = Crate and Target
O = Target
Obstacle = Wall or Player or Crate or Target


=======
SOUNDS
=======

Crate MOVE 36772507

================
COLLISIONLAYERS
================

Background
Target
Player, Wall, Crate

======
RULES
======

[ >  Player | Crate ] -> [  >  Player | > Crate  ]

==============
WINCONDITIONS
==============

All Target on Crate

=======
LEVELS
=======


####..
#.O#..
#..###
#@P..#
#..*.#
#..###
####..


######
#....#
#.#P.#
#.*@.#
#.O@.#
#....#
######


######
#....#
#.#P.#
#.*@.#
#.O@.#
#....#
######


######
#....#
#.#P.#
#.*@.#
#.O@.#
#....#
######


######
#....#
#.#P.#
#.*@.#
#.O@.#
#....#
######


######
#....#
#.#P.#
#.*@.#
#.O@.#
#....#
######
4
==========
GENERATION
==========
[] -> []
6
7
6
1
1
1
1
1
1

6
1
1
1
1
1
1

6
1
1
1
1
1
1

6
1
1
1
1
1
1

6
1
1
1
1
1
1

6
1
1
1
1
1
1

6
1
1
1
1
1
1


7
6
1
1
1
1
1
1

6
1
1
1
1
1
1

6
1
1
1
1
1
1

6
1
1
1
1
1
1

6
1
1
1
1
1
1

6
1
1
1
1
1
1

6
1
1
1
1
1
1


7
6
1
1
1
1
1
1

6
1
1
1
1
1
1

6
1
1
1
1
1
1

6
1
1
1
1
1
1

6
1
1
1
1
1
1

6
1
1
1
1
1
1

6
1
1
1
1
1
1


7
6
1
1
1
1
1
1

6
1
1
1
1
1
1

6
1
1
1
1
1
1

6
1
1
1
1
1
1

6
1
1
1
1
1
1

6
1
1
1
1
1
1

6
1
1
1
1
1
1


7
6
1
1
1
1
1
1

6
1
1
1
1
1
1

6
1
1
1
1
1
1

6
1
1
1
1
1
1

6
1
1
1
1
1
1

6
1
1
1
1
1
1

6
1
1
1
1
1
1


7
6
1
1
1
1
1
1

6
1
1
1
1
1
1

6
1
1
1
1
1
1

6
1
1
1
1
1
1

6
1
1
1
1
1
1

6
1
1
1
1
1
1

6
1
1
1
1
1
1



